%YAML:1.0
---
camera_matrix: !!opencv-matrix
   rows: 3
   cols: 3
   dt: d
   data: [ 3.1768089165238507e+02, 0., 3.2175339223004806e+02, 0.,
       3.1907022571593637e+02, 2.5988469031383642e+02, 0., 0., 1. ]
new_camera_matrix: !!opencv-matrix
   rows: 3
   cols: 3
   dt: d
   data: [ 2.1417105213618723e+02, 0., 3.2237925025927490e+02, 0.,
       2.1510770003027906e+02, 2.6180077290244287e+02, 0., 0., 1. ]
dist_coeffs: !!opencv-matrix
   rows: 4
   cols: 1
   dt: d
   data: [ 3.0579449142625996e-02, -2.5103898746145364e-02,
       2.1408509300502036e-02, 4.8294430456553711e-03 ]
fisheye: !!opencv-matrix
   rows: 4
   cols: 1
   dt: d
   data: [ 1., 0., 0., 0. ]
