%YAML:1.0
---
camera_matrix: !!opencv-matrix
   rows: 3
   cols: 3
   dt: d
   data: [ 2.8568495839438214e+02, 0., 3.2161673213740789e+02, 0.,
       2.8710057435586202e+02, 2.6012161234680929e+02, 0., 0., 1. ]
new_camera_matrix: !!opencv-matrix
   rows: 3
   cols: 3
   dt: d
   data: [ 1.8835645239560054e+02, 0., 3.2240523447590533e+02, 0.,
       1.8928978960018253e+02, 2.6181630449351422e+02, 0., 0., 1. ]
dist_coeffs: !!opencv-matrix
   rows: 4
   cols: 1
   dt: d
   data: [ 9.1021275655594036e-02, -3.9336949785404716e-02,
       6.2560555358334630e-02, -3.6732071268641912e-02 ]
fisheye: !!opencv-matrix
   rows: 4
   cols: 1
   dt: d
   data: [ 1., 0., 0., 0. ]
