%YAML:1.0
---
camera_matrix: !!opencv-matrix
   rows: 3
   cols: 3
   dt: d
   data: [ 1.7654251909733941e+02, 0., 3.2760155508304251e+02, 0.,
       1.7709730758531913e+02, 3.0362430217635250e+02, 0., 0., 1. ]
new_camera_matrix: !!opencv-matrix
   rows: 3
   cols: 3
   dt: d
   data: [ 1.2142778778076172e+02, 0., 3.2356923786117295e+02, 0.,
       1.2575737762451172e+02, 2.6939943235481041e+02, 0., 0., 1. ]
dist_coeffs: !!opencv-matrix
   rows: 1
   cols: 5
   dt: d
   data: [ -8.3251884275131666e-02, 2.1818101569411972e-03,
       -1.8166373983442476e-02, -2.6677627581023775e-03,
       6.5534057654098891e-04 ]
