%YAML:1.0
---
camera_matrix: !!opencv-matrix
   rows: 3
   cols: 3
   dt: d
   data: [ 4.5399789392319877e+02, 0., 3.3632035415139671e+02, 0.,
       4.5665397628077068e+02, 2.4804462490576606e+02, 0., 0., 1. ]
new_camera_matrix: !!opencv-matrix
   rows: 3
   cols: 3
   dt: d
   data: [ 2.4889302062988281e+02, 0., 3.4864702644672798e+02, 0.,
       2.4602981567382813e+02, 2.5427523520344039e+02, 0., 0., 1. ]
dist_coeffs: !!opencv-matrix
   rows: 1
   cols: 5
   dt: d
   data: [ -3.7586783285259556e-01, 1.1288682533167259e-01,
       6.3936399212319609e-04, -7.8767683277113738e-04,
       -1.4030258887065029e-02 ]
